13,113
0,430
13,214
13,213
13,112
13,111
13,212
13,110
0,429
13,211
13,109
13,108
13,210
0,428
13,107
0,427
13,209
13,106
13,105
13,208
11,144
11,143
11,142
11,141
11,140
11,139
11,138
11,137
13,104
13,207
13,103
11,136
11,135
0,426
13,102
13,206
13,101
0,425
13,205
13,100
13,99
13,204
13,98
13,203
13,97
13,96
13,202
13,95
13,201
13,94
13,93
13,200
11,134
11,133
11,132
11,131
11,130
11,129
11,128
11,127
11,126
11,125
11,124
11,123
11,122
11,121
11,120
11,119
11,118
11,117
11,116
11,115
11,114
11,113
11,112
11,111
13,92
13,199
13,91
13,90
13,198
13,89
13,197
13,88
13,87
13,196
13,86
13,195
13,85
13,84
13,194
13,83
11,110
11,109
11,108
11,107
11,106
11,105
11,104
11,103
11,102
11,101
11,100
11,99
13,193
13,82
13,81
13,192
13,80
13,132
13,79
13,78
13,131
13,77
13,130
13,76
13,75
13,129
13,74
13,128
13,73
13,72
13,63
13,71
13,62
13,70
13,69
13,13
11,98
11,97
11,96
11,95
11,94
11,93
11,92
11,91
11,90
13,68
13,61
13,60
13,67
0,424
13,59
13,66
13,65
13,58
13,64
0,423
13,55
13,57
13,56
13,53
13,54
0,422
13,50
13,52
13,51
13,48
0,421
13,49
13,47
13,45
13,46
13,42
0,420
13,44
13,43
13,40
13,41
0,419
13,37
13,39
13,38
13,35
13,36
11,89
11,88
11,87
11,86
11,85
11,84
11,83
11,82
11,81
11,80
11,79
11,78
11,77
11,76
11,75
11,74
11,73
13,32
13,34
0,418
13,33
13,30
13,31
13,27
13,29
0,417
13,28
13,25
0,416
13,26
13,8
11,72
11,71
11,70
11,69
11,68
11,67
11,66
11,65
11,64
11,36
11,35
11,34
11,33
11,32
11,31
11,30
0,415
13,24
13,23
13,22
11,29
13,21
13,20
13,18
0,414
13,19
13,17
13,16
0,413
13,15
11,28
11,27
11,26
0,412
13,14
13,10
13,12
0,411
13,11
13,9
13,7
13,4
13,6
13,5
11,25
11,24
11,23
11,22
11,21
11,20
11,19
0,410
0,409
0,408
0,407
0,406
0,405
0,404
0,403
0,402
0,401
0,400
0,399
0,398
11,18
11,17
11,16
11,15
11,14
11,13
11,12
0,397
0,396
0,395
0,394
0,393
0,392
0,391
0,390
0,389
0,388
0,387
0,386
0,385
0,384
13,3
13,2
0,383
13,1
13,0
0,382
0,381
12,4
12,3
12,2
0,380
12,1
12,0
0,379
0,378
0,377
0,376
0,375
0,374
0,373
0,372
0,371
0,370
11,11
11,10
11,9
11,8
11,7
11,6
11,5
0,369
0,368
11,4
11,3
11,2
0,367
11,1
11,0
10,11
10,10
10,9
10,8
10,7
10,6
10,5
0,366
0,365
0,364
0,363
0,362
0,361
0,360
0,359
0,358
0,357
0,356
0,355
10,4
10,3
10,2
0,354
10,1
10,0
0,353
0,352
9,3
9,2
0,351
9,1
9,0
0,350
0,349
8,4
8,3
8,2
0,348
8,1
8,0
0,347
0,346
0,345
0,344
0,343
0,342
0,341
0,340
0,339
0,338
0,337
0,336
0,335
0,334
7,29
7,28
7,27
7,26
7,25
7,24
7,23
7,22
7,21
7,20
7,19
7,18
7,17
7,16
7,15
7,14
7,13
7,12
0,333
0,332
0,331
7,11
7,10
7,9
7,8
7,7
7,6
7,5
0,330
0,329
0,328
0,327
0,326
0,325
0,324
0,323
0,322
0,321
0,320
0,319
0,318
7,4
7,3
7,2
0,317
7,1
7,0
6,3
6,2
6,1
6,0
5,4
5,3
5,2
5,1
5,0
4,3
4,2
4,1
3,6
3,5
4,0
3,4
3,3
3,2
3,1
3,0
2,2
1,3
2,1
1,2
2,3
1,1
2,0
1,0
0,243
0,9
0,310
0,305
0,308
0,304
0,303
0,302
0,307
0,12
0,10
0,8
0,0
0,300
0,299
0,298
0,297
0,296
0,295
0,294
0,293
0,292
0,291
0,290
0,289
0,288
0,287
0,286
0,285
0,284
0,283
0,282
0,281
0,280
0,279
0,278
0,277
0,276
0,275
0,274
0,273
0,272
0,271
0,270
0,269
0,268
0,267
0,266
0,265
0,264
0,263
0,262
0,261
0,260
0,259
0,258
0,257
0,256
0,255
0,254
0,253
0,252
0,251
0,250
0,249
0,248
0,247
0,246
0,245
0,244
0,242
0,241
0,240
0,239
0,238
0,237
0,236
0,235
0,234
0,233
0,232
0,231
0,230
0,229
0,228
0,227
0,226
0,225
0,224
0,223
0,222
0,221
0,220
0,219
0,218
0,217
0,216
0,215
0,214
0,213
0,212
0,211
0,210
0,209
0,208
0,207
0,206
0,205
0,204
0,203
0,202
0,201
0,200
0,199
0,198
0,197
0,196
0,195
0,194
0,193
0,192
0,63
0,62
0,61
0,60
0,59
0,58
0,57
0,56
0,55
0,54
0,53
0,316
0,52
0,315
0,51
0,314
0,50
0,313
0,49
0,312
0,48
0,311
0,47
0,309
0,46
0,306
0,45
0,301
0,6
0,5
0,1
0,11
0,4
0,2
0,3
0,7
